{
    "accuracy": 0.663109756097561,
    "precision": 0.7215189873417721,
    "recall": 0.22265625,
    "f1_score": 0.3402985074626866,
    "confusion_matrix": {
        "true_negative": 378,
        "false_positive": 22,
        "false_negative": 199,
        "true_positive": 57
    }
}