{
    "accuracy": 0.6661585365853658,
    "precision": 0.6434108527131783,
    "recall": 0.32421875,
    "f1_score": 0.43116883116883115,
    "confusion_matrix": {
        "true_negative": 354,
        "false_positive": 46,
        "false_negative": 173,
        "true_positive": 83
    }
}