{
    "accuracy": 0.663003663003663,
    "precision": 0.602803738317757,
    "recall": 0.403125,
    "f1_score": 0.48314606741573035,
    "confusion_matrix": {
        "true_negative": 414,
        "false_positive": 85,
        "false_negative": 191,
        "true_positive": 129
    }
}