{
    "accuracy": 0.6575682382133995,
    "precision": 0.5968992248062015,
    "recall": 0.4723926380368098,
    "f1_score": 0.5273972602739726,
    "confusion_matrix": {
        "true_negative": 188,
        "false_positive": 52,
        "false_negative": 86,
        "true_positive": 77
    }
}