{
    "accuracy": 0.6707317073170732,
    "precision": 0.6492537313432836,
    "recall": 0.33984375,
    "f1_score": 0.4461538461538462,
    "confusion_matrix": {
        "true_negative": 353,
        "false_positive": 47,
        "false_negative": 169,
        "true_positive": 87
    }
}