{
    "accuracy": 0.6699751861042184,
    "precision": 0.6171875,
    "recall": 0.48466257668711654,
    "f1_score": 0.5429553264604811,
    "confusion_matrix": {
        "true_negative": 191,
        "false_positive": 49,
        "false_negative": 84,
        "true_positive": 79
    }
}