{
    "accuracy": 0.625,
    "precision": 0.5229357798165137,
    "recall": 0.4453125,
    "f1_score": 0.4810126582278481,
    "confusion_matrix": {
        "true_negative": 296,
        "false_positive": 104,
        "false_negative": 142,
        "true_positive": 114
    }
}