{
    "accuracy": 0.6417682926829268,
    "precision": 0.559322033898305,
    "recall": 0.38671875,
    "f1_score": 0.45727482678983833,
    "confusion_matrix": {
        "true_negative": 322,
        "false_positive": 78,
        "false_negative": 157,
        "true_positive": 99
    }
}